#Entity   GPUTL             MCUTL             GRACT        SMACT        SMOCC        TENSO        DRAMA        
ID                                                                                                             
GPU 0     0                 0                 0.000        0.000        0.000        0.000        0.000        
GPU 1     0                 0                 0.000        0.000        0.000        0.000        0.000        
GPU 2     0                 0                 0.000        0.000        0.000        0.000        0.000        
GPU 3     0                 0                 0.000        0.000        0.000        0.000        0.000        
GPU 4     0                 0                 0.000        0.000        0.000        0.000        0.000        
GPU 0     93                0                 0.460        0.046        0.030        0.002        0.000        
GPU 1     0                 0                 0.000        0.000        0.000        0.000        0.000        
GPU 2     0                 0                 0.000        0.000        0.000        0.000        0.000        
GPU 3     0                 0                 0.000        0.000        0.000        0.000        0.000        
GPU 4     0                 0                 0.000        0.000        0.000        0.000        0.000        
GPU 0     99                0                 0.993        0.099        0.066        0.003        0.000        
GPU 1     0                 0                 0.000        0.000        0.000        0.000        0.000        
GPU 2     0                 0                 0.000        0.000        0.000        0.000        0.000        
GPU 3     0                 0                 0.000        0.000        0.000        0.000        0.000        
GPU 4     0                 0                 0.000        0.000        0.000        0.000        0.000        
GPU 0     99                0                 0.993        0.099        0.066        0.003        0.000        
GPU 1     0                 0                 0.000        0.000        0.000        0.000        0.000        
GPU 2     0                 0                 0.000        0.000        0.000        0.000        0.000        
GPU 3     0                 0                 0.000        0.000        0.000        0.000        0.000        
GPU 4     0                 0                 0.000        0.000        0.000        0.000        0.000        
GPU 0     99                0                 0.993        0.099        0.066        0.003        0.000        
GPU 1     0                 0                 0.000        0.000        0.000        0.000        0.000        
GPU 2     0                 0                 0.000        0.000        0.000        0.000        0.000        
GPU 3     0                 0                 0.000        0.000        0.000        0.000        0.000        
GPU 4     0                 0                 0.000        0.000        0.000        0.000        0.000        
GPU 0     99                0                 0.993        0.099        0.066        0.003        0.000        
GPU 1     0                 0                 0.000        0.000        0.000        0.000        0.000        
GPU 2     0                 0                 0.000        0.000        0.000        0.000        0.000        
GPU 3     0                 0                 0.000        0.000        0.000        0.000        0.000        
GPU 4     0                 0                 0.000        0.000        0.000        0.000        0.000        
GPU 0     99                0                 0.993        0.099        0.066        0.003        0.000        
GPU 1     0                 0                 0.000        0.000        0.000        0.000        0.000        
GPU 2     0                 0                 0.000        0.000        0.000        0.000        0.000        
GPU 3     0                 0                 0.000        0.000        0.000        0.000        0.000        
GPU 4     0                 0                 0.000        0.000        0.000        0.000        0.000        
GPU 0     99                0                 0.993        0.099        0.066        0.003        0.000        
GPU 1     0                 0                 0.000        0.000        0.000        0.000        0.000        
GPU 2     0                 0                 0.000        0.000        0.000        0.000        0.000        
GPU 3     0                 0                 0.000        0.000        0.000        0.000        0.000        
GPU 4     0                 0                 0.000        0.000        0.000        0.000        0.000        
GPU 0     99                0                 0.993        0.099        0.066        0.003        0.000        
GPU 1     0                 0                 0.000        0.000        0.000        0.000        0.000        
GPU 2     0                 0                 0.000        0.000        0.000        0.000        0.000        
GPU 3     0                 0                 0.000        0.000        0.000        0.000        0.000        
GPU 4     0                 0                 0.000        0.000        0.000        0.000        0.000        
GPU 0     99                0                 0.993        0.099        0.066        0.003        0.000        
GPU 1     0                 0                 0.000        0.000        0.000        0.000        0.000        
GPU 2     0                 0                 0.000        0.000        0.000        0.000        0.000        
GPU 3     0                 0                 0.000        0.000        0.000        0.000        0.000        
GPU 4     0                 0                 0.000        0.000        0.000        0.000        0.000        
GPU 0     99                0                 0.993        0.099        0.066        0.003        0.000        
GPU 1     0                 0                 0.000        0.000        0.000        0.000        0.000        
GPU 2     0                 0                 0.000        0.000        0.000        0.000        0.000        
GPU 3     0                 0                 0.000        0.000        0.000        0.000        0.000        
GPU 4     0                 0                 0.000        0.000        0.000        0.000        0.000        
GPU 0     99                0                 0.993        0.099        0.066        0.003        0.000        
GPU 1     0                 0                 0.000        0.000        0.000        0.000        0.000        
GPU 2     0                 0                 0.000        0.000        0.000        0.000        0.000        
GPU 3     0                 0                 0.000        0.000        0.000        0.000        0.000        
GPU 4     0                 0                 0.000        0.000        0.000        0.000        0.000        
GPU 0     99                0                 0.993        0.099        0.066        0.003        0.000        
GPU 1     0                 0                 0.000        0.000        0.000        0.000        0.000        
GPU 2     0                 0                 0.000        0.000        0.000        0.000        0.000        
GPU 3     0                 0                 0.000        0.000        0.000        0.000        0.000        
GPU 4     0                 0                 0.000        0.000        0.000        0.000        0.000        
GPU 0     99                0                 0.993        0.099        0.066        0.003        0.000        
GPU 1     0                 0                 0.000        0.000        0.000        0.000        0.000        
GPU 2     0                 0                 0.000        0.000        0.000        0.000        0.000        
GPU 3     0                 0                 0.000        0.000        0.000        0.000        0.000        
GPU 4     0                 0                 0.000        0.000        0.000        0.000        0.000        
GPU 0     99                0                 0.993        0.099        0.066        0.003        0.000        
GPU 1     0                 0                 0.000        0.000        0.000        0.000        0.000        
GPU 2     0                 0                 0.000        0.000        0.000        0.000        0.000        
GPU 3     0                 0                 0.000        0.000        0.000        0.000        0.000        
GPU 4     0                 0                 0.000        0.000        0.000        0.000        0.000        
#Entity   GPUTL             MCUTL             GRACT        SMACT        SMOCC        TENSO        DRAMA        
ID                                                                                                             
GPU 0     99                0                 0.993        0.099        0.066        0.003        0.000        
GPU 1     0                 0                 0.000        0.000        0.000        0.000        0.000        
GPU 2     0                 0                 0.000        0.000        0.000        0.000        0.000        
GPU 3     0                 0                 0.000        0.000        0.000        0.000        0.000        
GPU 4     0                 0                 0.000        0.000        0.000        0.000        0.000        
GPU 0     99                0                 0.993        0.099        0.066        0.003        0.000        
GPU 1     0                 0                 0.000        0.000        0.000        0.000        0.000        
GPU 2     0                 0                 0.000        0.000        0.000        0.000        0.000        
GPU 3     0                 0                 0.000        0.000        0.000        0.000        0.000        
GPU 4     0                 0                 0.000        0.000        0.000        0.000        0.000        
GPU 0     99                0                 0.993        0.099        0.066        0.003        0.000        
GPU 1     0                 0                 0.000        0.000        0.000        0.000        0.000        
GPU 2     0                 0                 0.000        0.000        0.000        0.000        0.000        
GPU 3     0                 0                 0.000        0.000        0.000        0.000        0.000        
GPU 4     0                 0                 0.000        0.000        0.000        0.000        0.000        
GPU 0     99                0                 0.993        0.099        0.066        0.003        0.000        
GPU 1     0                 0                 0.000        0.000        0.000        0.000        0.000        
GPU 2     0                 0                 0.000        0.000        0.000        0.000        0.000        
GPU 3     0                 0                 0.000        0.000        0.000        0.000        0.000        
GPU 4     0                 0                 0.000        0.000        0.000        0.000        0.000        
GPU 0     99                0                 0.993        0.099        0.066        0.003        0.000        
GPU 1     0                 0                 0.000        0.000        0.000        0.000        0.000        
GPU 2     0                 0                 0.000        0.000        0.000        0.000        0.000        
GPU 3     0                 0                 0.000        0.000        0.000        0.000        0.000        
GPU 4     0                 0                 0.000        0.000        0.000        0.000        0.000        
GPU 0     99                0                 0.993        0.099        0.066        0.003        0.000        
GPU 1     0                 0                 0.000        0.000        0.000        0.000        0.000        
GPU 2     0                 0                 0.000        0.000        0.000        0.000        0.000        
GPU 3     0                 0                 0.000        0.000        0.000        0.000        0.000        
GPU 4     0                 0                 0.000        0.000        0.000        0.000        0.000        
GPU 0     99                0                 0.993        0.099        0.066        0.003        0.000        
GPU 1     0                 0                 0.000        0.000        0.000        0.000        0.000        
GPU 2     0                 0                 0.000        0.000        0.000        0.000        0.000        
GPU 3     0                 0                 0.000        0.000        0.000        0.000        0.000        
GPU 4     0                 0                 0.000        0.000        0.000        0.000        0.000        
