#Entity   GPUTL             MCUTL             GRACT        SMACT        SMOCC        TENSO        DRAMA        
ID                                                                                                             
GPU 0     0                 0                 0.000        0.000        0.000        0.000        0.000        
GPU 1     0                 0                 0.000        0.000        0.000        0.000        0.000        
GPU 2     0                 0                 0.000        0.000        0.000        0.000        0.000        
GPU 3     0                 0                 0.000        0.000        0.000        0.000        0.000        
GPU 4     0                 0                 0.000        0.000        0.000        0.000        0.000        
GPU 0     100               0                 0.499        0.114        0.015        0.001        0.000        
GPU 1     0                 0                 0.000        0.000        0.000        0.000        0.000        
GPU 2     0                 0                 0.000        0.000        0.000        0.000        0.000        
GPU 3     0                 0                 0.000        0.000        0.000        0.000        0.000        
GPU 4     0                 0                 0.000        0.000        0.000        0.000        0.000        
GPU 0     100               0                 0.998        0.229        0.030        0.002        0.000        
GPU 1     0                 0                 0.000        0.000        0.000        0.000        0.000        
GPU 2     0                 0                 0.000        0.000        0.000        0.000        0.000        
GPU 3     0                 0                 0.000        0.000        0.000        0.000        0.000        
GPU 4     0                 0                 0.000        0.000        0.000        0.000        0.000        
GPU 0     100               0                 0.998        0.229        0.030        0.002        0.000        
GPU 1     0                 0                 0.000        0.000        0.000        0.000        0.000        
GPU 2     0                 0                 0.000        0.000        0.000        0.000        0.000        
GPU 3     0                 0                 0.000        0.000        0.000        0.000        0.000        
GPU 4     0                 0                 0.000        0.000        0.000        0.000        0.000        
GPU 0     100               0                 0.998        0.229        0.030        0.002        0.000        
GPU 1     0                 0                 0.000        0.000        0.000        0.000        0.000        
GPU 2     0                 0                 0.000        0.000        0.000        0.000        0.000        
GPU 3     0                 0                 0.000        0.000        0.000        0.000        0.000        
GPU 4     0                 0                 0.000        0.000        0.000        0.000        0.000        
GPU 0     100               0                 0.999        0.229        0.030        0.002        0.000        
GPU 1     0                 0                 0.000        0.000        0.000        0.000        0.000        
GPU 2     0                 0                 0.000        0.000        0.000        0.000        0.000        
GPU 3     0                 0                 0.000        0.000        0.000        0.000        0.000        
GPU 4     0                 0                 0.000        0.000        0.000        0.000        0.000        
GPU 0     100               0                 0.999        0.229        0.030        0.002        0.000        
GPU 1     0                 0                 0.000        0.000        0.000        0.000        0.000        
GPU 2     0                 0                 0.000        0.000        0.000        0.000        0.000        
GPU 3     0                 0                 0.000        0.000        0.000        0.000        0.000        
GPU 4     0                 0                 0.000        0.000        0.000        0.000        0.000        
GPU 0     100               0                 0.999        0.229        0.030        0.002        0.000        
GPU 1     0                 0                 0.000        0.000        0.000        0.000        0.000        
GPU 2     0                 0                 0.000        0.000        0.000        0.000        0.000        
GPU 3     0                 0                 0.000        0.000        0.000        0.000        0.000        
GPU 4     0                 0                 0.000        0.000        0.000        0.000        0.000        
