#Entity   GPUTL             MCUTL             GRACT        SMACT        SMOCC        TENSO        DRAMA        
ID                                                                                                             
GPU 0     0                 0                 0.000        0.000        0.000        0.000        0.000        
GPU 1     0                 0                 0.000        0.000        0.000        0.000        0.000        
GPU 2     0                 0                 0.000        0.000        0.000        0.000        0.000        
GPU 3     0                 0                 0.000        0.000        0.000        0.000        0.000        
GPU 4     0                 0                 0.000        0.000        0.000        0.000        0.000        
GPU 0     99                0                 0.460        0.083        0.042        0.002        0.000        
GPU 1     0                 0                 0.000        0.000        0.000        0.000        0.000        
GPU 2     0                 0                 0.000        0.000        0.000        0.000        0.000        
GPU 3     0                 0                 0.000        0.000        0.000        0.000        0.000        
GPU 4     0                 0                 0.000        0.000        0.000        0.000        0.000        
GPU 0     99                0                 0.989        0.180        0.090        0.004        0.000        
GPU 1     0                 0                 0.000        0.000        0.000        0.000        0.000        
GPU 2     0                 0                 0.000        0.000        0.000        0.000        0.000        
GPU 3     0                 0                 0.000        0.000        0.000        0.000        0.000        
GPU 4     0                 0                 0.000        0.000        0.000        0.000        0.000        
GPU 0     99                0                 0.989        0.179        0.090        0.004        0.000        
GPU 1     0                 0                 0.000        0.000        0.000        0.000        0.000        
GPU 2     0                 0                 0.000        0.000        0.000        0.000        0.000        
GPU 3     0                 0                 0.000        0.000        0.000        0.000        0.000        
GPU 4     0                 0                 0.000        0.000        0.000        0.000        0.000        
GPU 0     99                0                 0.989        0.179        0.090        0.004        0.000        
GPU 1     0                 0                 0.000        0.000        0.000        0.000        0.000        
GPU 2     0                 0                 0.000        0.000        0.000        0.000        0.000        
GPU 3     0                 0                 0.000        0.000        0.000        0.000        0.000        
GPU 4     0                 0                 0.000        0.000        0.000        0.000        0.000        
GPU 0     99                0                 0.989        0.179        0.090        0.004        0.000        
GPU 1     0                 0                 0.000        0.000        0.000        0.000        0.000        
GPU 2     0                 0                 0.000        0.000        0.000        0.000        0.000        
GPU 3     0                 0                 0.000        0.000        0.000        0.000        0.000        
GPU 4     0                 0                 0.000        0.000        0.000        0.000        0.000        
GPU 0     99                0                 0.989        0.179        0.090        0.004        0.000        
GPU 1     0                 0                 0.000        0.000        0.000        0.000        0.000        
GPU 2     0                 0                 0.000        0.000        0.000        0.000        0.000        
GPU 3     0                 0                 0.000        0.000        0.000        0.000        0.000        
GPU 4     0                 0                 0.000        0.000        0.000        0.000        0.000        
GPU 0     99                0                 0.989        0.179        0.090        0.004        0.000        
GPU 1     0                 0                 0.000        0.000        0.000        0.000        0.000        
GPU 2     0                 0                 0.000        0.000        0.000        0.000        0.000        
GPU 3     0                 0                 0.000        0.000        0.000        0.000        0.000        
GPU 4     0                 0                 0.000        0.000        0.000        0.000        0.000        
GPU 0     99                0                 0.989        0.179        0.090        0.004        0.000        
GPU 1     0                 0                 0.000        0.000        0.000        0.000        0.000        
GPU 2     0                 0                 0.000        0.000        0.000        0.000        0.000        
GPU 3     0                 0                 0.000        0.000        0.000        0.000        0.000        
GPU 4     0                 0                 0.000        0.000        0.000        0.000        0.000        
GPU 0     99                0                 0.989        0.179        0.090        0.004        0.000        
GPU 1     0                 0                 0.000        0.000        0.000        0.000        0.000        
GPU 2     0                 0                 0.000        0.000        0.000        0.000        0.000        
GPU 3     0                 0                 0.000        0.000        0.000        0.000        0.000        
GPU 4     0                 0                 0.000        0.000        0.000        0.000        0.000        
GPU 0     99                0                 0.989        0.179        0.090        0.004        0.000        
GPU 1     0                 0                 0.000        0.000        0.000        0.000        0.000        
GPU 2     0                 0                 0.000        0.000        0.000        0.000        0.000        
GPU 3     0                 0                 0.000        0.000        0.000        0.000        0.000        
GPU 4     0                 0                 0.000        0.000        0.000        0.000        0.000        
GPU 0     99                0                 0.989        0.179        0.090        0.004        0.000        
GPU 1     0                 0                 0.000        0.000        0.000        0.000        0.000        
GPU 2     0                 0                 0.000        0.000        0.000        0.000        0.000        
GPU 3     0                 0                 0.000        0.000        0.000        0.000        0.000        
GPU 4     0                 0                 0.000        0.000        0.000        0.000        0.000        
