#Entity   GPUTL             MCUTL             GRACT        SMACT        SMOCC        TENSO        DRAMA        
ID                                                                                                             
GPU 0     6                 0                 0.000        0.000        0.000        0.000        0.000        
GPU 1     0                 0                 0.000        0.000        0.000        0.000        0.000        
GPU 2     0                 0                 0.000        0.000        0.000        0.000        0.000        
GPU 3     0                 0                 0.000        0.000        0.000        0.000        0.000        
GPU 4     0                 0                 0.000        0.000        0.000        0.000        0.000        
GPU 0     0                 0                 0.494        0.063        0.051        0.003        0.000        
GPU 1     0                 0                 0.000        0.000        0.000        0.000        0.000        
GPU 2     0                 0                 0.000        0.000        0.000        0.000        0.000        
GPU 3     0                 0                 0.000        0.000        0.000        0.000        0.000        
GPU 4     0                 0                 0.000        0.000        0.000        0.000        0.000        
GPU 0     99                0                 0.994        0.127        0.104        0.005        0.000        
GPU 1     0                 0                 0.000        0.000        0.000        0.000        0.000        
GPU 2     0                 0                 0.000        0.000        0.000        0.000        0.000        
GPU 3     0                 0                 0.000        0.000        0.000        0.000        0.000        
GPU 4     0                 0                 0.000        0.000        0.000        0.000        0.000        
GPU 0     99                0                 0.994        0.127        0.104        0.005        0.000        
GPU 1     0                 0                 0.000        0.000        0.000        0.000        0.000        
GPU 2     0                 0                 0.000        0.000        0.000        0.000        0.000        
GPU 3     0                 0                 0.000        0.000        0.000        0.000        0.000        
GPU 4     0                 0                 0.000        0.000        0.000        0.000        0.000        
GPU 0     99                0                 0.994        0.127        0.104        0.005        0.000        
GPU 1     0                 0                 0.000        0.000        0.000        0.000        0.000        
GPU 2     0                 0                 0.000        0.000        0.000        0.000        0.000        
GPU 3     0                 0                 0.000        0.000        0.000        0.000        0.000        
GPU 4     0                 0                 0.000        0.000        0.000        0.000        0.000        
GPU 0     99                0                 0.994        0.127        0.104        0.005        0.000        
GPU 1     0                 0                 0.000        0.000        0.000        0.000        0.000        
GPU 2     0                 0                 0.000        0.000        0.000        0.000        0.000        
GPU 3     0                 0                 0.000        0.000        0.000        0.000        0.000        
GPU 4     0                 0                 0.000        0.000        0.000        0.000        0.000        
GPU 0     99                0                 0.994        0.127        0.104        0.005        0.000        
GPU 1     0                 0                 0.000        0.000        0.000        0.000        0.000        
GPU 2     0                 0                 0.000        0.000        0.000        0.000        0.000        
GPU 3     0                 0                 0.000        0.000        0.000        0.000        0.000        
GPU 4     0                 0                 0.000        0.000        0.000        0.000        0.000        
GPU 0     99                0                 0.994        0.127        0.104        0.005        0.000        
GPU 1     0                 0                 0.000        0.000        0.000        0.000        0.000        
GPU 2     0                 0                 0.000        0.000        0.000        0.000        0.000        
GPU 3     0                 0                 0.000        0.000        0.000        0.000        0.000        
GPU 4     0                 0                 0.000        0.000        0.000        0.000        0.000        
GPU 0     99                0                 0.994        0.127        0.104        0.005        0.000        
GPU 1     0                 0                 0.000        0.000        0.000        0.000        0.000        
GPU 2     0                 0                 0.000        0.000        0.000        0.000        0.000        
GPU 3     0                 0                 0.000        0.000        0.000        0.000        0.000        
GPU 4     0                 0                 0.000        0.000        0.000        0.000        0.000        
GPU 0     99                0                 0.994        0.127        0.104        0.005        0.000        
GPU 1     0                 0                 0.000        0.000        0.000        0.000        0.000        
GPU 2     0                 0                 0.000        0.000        0.000        0.000        0.000        
GPU 3     0                 0                 0.000        0.000        0.000        0.000        0.000        
GPU 4     0                 0                 0.000        0.000        0.000        0.000        0.000        
GPU 0     99                0                 0.994        0.127        0.104        0.005        0.000        
GPU 1     0                 0                 0.000        0.000        0.000        0.000        0.000        
GPU 2     0                 0                 0.000        0.000        0.000        0.000        0.000        
GPU 3     0                 0                 0.000        0.000        0.000        0.000        0.000        
GPU 4     0                 0                 0.000        0.000        0.000        0.000        0.000        
GPU 0     99                0                 0.994        0.127        0.104        0.005        0.000        
GPU 1     0                 0                 0.000        0.000        0.000        0.000        0.000        
GPU 2     0                 0                 0.000        0.000        0.000        0.000        0.000        
GPU 3     0                 0                 0.000        0.000        0.000        0.000        0.000        
GPU 4     0                 0                 0.000        0.000        0.000        0.000        0.000        
GPU 0     99                0                 0.994        0.127        0.104        0.005        0.000        
GPU 1     0                 0                 0.000        0.000        0.000        0.000        0.000        
GPU 2     0                 0                 0.000        0.000        0.000        0.000        0.000        
GPU 3     0                 0                 0.000        0.000        0.000        0.000        0.000        
GPU 4     0                 0                 0.000        0.000        0.000        0.000        0.000        
GPU 0     99                0                 0.994        0.127        0.104        0.005        0.000        
GPU 1     0                 0                 0.000        0.000        0.000        0.000        0.000        
GPU 2     0                 0                 0.000        0.000        0.000        0.000        0.000        
GPU 3     0                 0                 0.000        0.000        0.000        0.000        0.000        
GPU 4     0                 0                 0.000        0.000        0.000        0.000        0.000        
GPU 0     99                0                 0.994        0.127        0.104        0.005        0.000        
GPU 1     0                 0                 0.000        0.000        0.000        0.000        0.000        
GPU 2     0                 0                 0.000        0.000        0.000        0.000        0.000        
GPU 3     0                 0                 0.000        0.000        0.000        0.000        0.000        
GPU 4     0                 0                 0.000        0.000        0.000        0.000        0.000        
#Entity   GPUTL             MCUTL             GRACT        SMACT        SMOCC        TENSO        DRAMA        
ID                                                                                                             
GPU 0     99                0                 0.994        0.127        0.104        0.005        0.000        
GPU 1     0                 0                 0.000        0.000        0.000        0.000        0.000        
GPU 2     0                 0                 0.000        0.000        0.000        0.000        0.000        
GPU 3     0                 0                 0.000        0.000        0.000        0.000        0.000        
GPU 4     0                 0                 0.000        0.000        0.000        0.000        0.000        
GPU 0     99                0                 0.994        0.127        0.104        0.005        0.000        
GPU 1     0                 0                 0.000        0.000        0.000        0.000        0.000        
GPU 2     0                 0                 0.000        0.000        0.000        0.000        0.000        
GPU 3     0                 0                 0.000        0.000        0.000        0.000        0.000        
GPU 4     0                 0                 0.000        0.000        0.000        0.000        0.000        
GPU 0     99                0                 0.885        0.113        0.092        0.005        0.000        
GPU 1     0                 0                 0.000        0.000        0.000        0.000        0.000        
GPU 2     0                 0                 0.000        0.000        0.000        0.000        0.000        
GPU 3     0                 0                 0.000        0.000        0.000        0.000        0.000        
GPU 4     0                 0                 0.000        0.000        0.000        0.000        0.000        
